00000001 00001011 10100000 11100011 
00000001 00011010 10100000 11100011
00000000 00010000 10000000 11100100
00000100 00010000 10000000 11100100
00001000 00010000 10000000 11100100
00001100 00010000 10000000 11100100
00010000 00010000 10000000 11100100 
00010100 00010000 10000000 11100100
00011000 00010000 10000000 11100100 
00011100 00010000 10000000 11100100 
00100000 00010000 10000000 11100100
00100100 00010000 10000000 11100100
00101000 00010000 10000000 11100100
00101100 00010000 10000000 11100100
00110000 00010000 10000000 11100100
00000000 00100000 10010000 11100100 
00000100 00110000 10010000 11100100
00001000 01000000 10010000 11100100 
00001100 01010000 10010000 11100100
00010000 01100000 10010000 11100100
00010100 01110000 10010000 11100100
00011000 10000000 10010000 11100100     
00011100 10010000 10010000 11100100
00100000 10100000 10010000 11100100
00100100 10110000 10010000 11100100
00101000 11000000 10010000 11100100
00101100 11010000 10010000 11100100
00110000 11100000 10010000 11100100
00000000 00100000 10010000 11100100 
00000100 00110000 10010000 11100100
00001000 01000000 10010000 11100100 
00001100 01010000 10010000 11100100
00010000 01100000 10010000 11100100
00010100 01110000 10010000 11100100
00011000 10000000 10010000 11100100     
00011100 10010000 10010000 11100100
00100000 10100000 10010000 11100100
00100100 10110000 10010000 11100100
00101000 11000000 10010000 11100100
00101100 11010000 10010000 11100100
00110000 11100000 10010000 11100100
00000000 00100000 10010000 11100100 
00000100 00110000 10010000 11100100
00001000 01000000 10010000 11100100 
00001100 01010000 10010000 11100100
00010000 01100000 10010000 11100100
00010100 01110000 10010000 11100100
00011000 10000000 10010000 11100100     
00011100 10010000 10010000 11100100
00100000 10100000 10010000 11100100
00100100 10110000 10010000 11100100
00101000 11000000 10010000 11100100
00101100 11010000 10010000 11100100
00110000 11100000 10010000 11100100
00000000 00100000 10010000 11100100 
00000100 00110000 10010000 11100100
00001000 01000000 10010000 11100100 
00001100 01010000 10010000 11100100
00010000 01100000 10010000 11100100
00010100 01110000 10010000 11100100
00011000 10000000 10010000 11100100     
00011100 10010000 10010000 11100100
00100000 10100000 10010000 11100100
00100100 10110000 10010000 11100100
00101000 11000000 10010000 11100100
00101100 11010000 10010000 11100100
00110000 11100000 10010000 11100100
00000000 00100000 10010000 11100100 
00000100 00110000 10010000 11100100
00001000 01000000 10010000 11100100 
00001100 01010000 10010000 11100100
00010000 01100000 10010000 11100100
00010100 01110000 10010000 11100100
00011000 10000000 10010000 11100100     
00011100 10010000 10010000 11100100
00100000 10100000 10010000 11100100
00100100 10110000 10010000 11100100
00101000 11000000 10010000 11100100
00101100 11010000 10010000 11100100
00110000 11100000 10010000 11100100
00000000 00100000 10010000 11100100 
00000100 00110000 10010000 11100100
00001000 01000000 10010000 11100100 
00001100 01010000 10010000 11100100
00010000 01100000 10010000 11100100
00010100 01110000 10010000 11100100
00011000 10000000 10010000 11100100     
00011100 10010000 10010000 11100100
00100000 10100000 10010000 11100100
00100100 10110000 10010000 11100100
00101000 11000000 10010000 11100100
00101100 11010000 10010000 11100100
00110000 11100000 10010000 11100100
00000000 00100000 10010000 11100100 
00000100 00110000 10010000 11100100
00001000 01000000 10010000 11100100 
00001100 01010000 10010000 11100100
00010000 01100000 10010000 11100100
00010100 01110000 10010000 11100100
00011000 10000000 10010000 11100100     
00011100 10010000 10010000 11100100
00100000 10100000 10010000 11100100
00100100 10110000 10010000 11100100
00101000 11000000 10010000 11100100
00101100 11010000 10010000 11100100
00110000 11100000 10010000 11100100
00000000 00100000 10010000 11100100 
00000100 00110000 10010000 11100100
00001000 01000000 10010000 11100100 
00001100 01010000 10010000 11100100
00010000 01100000 10010000 11100100
00010100 01110000 10010000 11100100
00011000 10000000 10010000 11100100     
00011100 10010000 10010000 11100100
00100000 10100000 10010000 11100100
00100100 10110000 10010000 11100100
00101000 11000000 10010000 11100100
00101100 11010000 10010000 11100100
00110000 11100000 10010000 11100100
11111111 11111111 11111111 11101010
11111111 11111111 11111111 11101010