00010100 00000000 10100000 11100011 //1
00000001 00011010 10100000 11100011 //2
00000011 00100001 10100000 11100011 //3
00000010 00110000 10010010 11100000 //4
00000000 01000000 10100000 11100000 //5
00000100 01010001 01000100 11100000 //6
10100000 01100000 11000000 11100000 //7
01000010 01110001 10000101 11100001 //8
00000011 10000000 00000111 11100000 //9 
00000110 10010000 11100000 11100001 //10
00000101 10100000 00100100 11100000 //11
00000110 00000000 01011000 11100001 //12
00000001 00010000 10000001 00010000 //13
00001000 00000000 00011001 11100001 //14
00000010 00100000 10000010 00000000 //15
00000001 00001011 10100000 11100011 //16
00000000 00010000 10000000 11100100 //17
00000000 10110000 10010000 11100100 //18
00000100 00100000 10000000 11100100 //19
00001000 00110000 10000000 11100100 //20
00001101 01000000 10000000 11100100 //21
00010000 01010000 10000000 11100100 //22
00010100 01100000 10000000 11100100 //23
00000100 10100000 10010000 11100100 //24
00011000 01110000 10000000 11100100 //25
00000100 00010000 10100000 11100011 //26
00000000 00100000 10100000 11100011 //27
00000000 00110000 10100000 11100011 //28
00000011 01000001 10000000 11100000 //29
00000000 01010000 10010100 11100100 //30
00000100 01100000 10010100 11100100 //31
00000110 00000000 01010101 11100001 //32
00000000 01100000 10000100 11000100 //33
00000100 01010000 10000100 11000100 //34
00000001 00110000 10000011 11100010 //35
00000011 00000000 01010011 11100011 //36
11110111 11111111 11111111 10111010 //37
00000001 00100000 10000010 11100010 //38
00000001 00000000 01010010 11100001 //39
11110011 11111111 11111111 10111010 //40
00000000 00010000 10010000 11100100 //41
00000100 00100000 10010000 11100100 //42
00001000 00110000 10010000 11100100 //43
00001100 01000000 10010000 11100100 //44
00010000 01010000 10010000 11100100 //45
00010100 01100000 10010000 11100100 //46
11111111 11111111 11111111 11101010 //47